2319
503
567
1369
678
2828
291
2081
2998
835
2336
642
2752
2907
177
1569
473
487
307
922
1564
2239
141
2293
1163
169
51
1765
2618
1309
2903
51
240
1014
653
1591
458
2931
1201
1718
2966
1966
1007
335
1361
1412
638
1095
1702
1235
1642
1996
2579
1106
868
391
2481
201
1336
1266
1520
938
1996
2361
1516
2895
688
2758
2593
1539
1118
1348
2614
2477
1760
1797
1721
1670
1120
2447
239
1116
999
2705
2286
687
190
1555
113
1000
2298
2835
1903
706
312
1708
576
1064
669
2337
2893
174
2200
1296
1115
196
1559
2401
1060
1301
739
981
402
246
2913
2148
696
521
157
1847
1775
1913
1533
1156
1362
2712
1463
879
1367
1741
2192
1541
147
185
722
1228
184
1400
249
1791
2941
2477
2995
750
2859
2173
1506
425
791
1462
1935
2509
32
1425
1300
1071
2127
1922
389
1214
1094
680
1660
733
2935
504
2097
1398
82
492
338
922
18
2129
2325
1428
1740
1086
2967
1149
1229
600
991
1122
480
466
148
1003
2584
1082
2591
2757
744
2351
2711
94
1221
718
1391
2104
2500
1364
1686
2183
837
2686
2011
2924
684
1412
259
1492
2456
1476
1689
1891
801
762
2408
2394
1891
2157
1056
831
401
2933
2138
2380
2784
2409
1698
504
402
869
440
1049
2772
120
2931
843
2988
619
307
281
90
406
2769
74
433
2237
2389
1976
1962
1967
2635
386
2462
1911
676
2586
1614
795
284
640
1401
2690
2821
2284
353
1523
544
1923
2874
2112
419
1745
1416
793
283
373
100
1269
791
1418
2082
691
990
1689
2282
783
1399
1932
1066
945
2019
1766
1364
15
1153
2974
2025
586
2310
874
2394
2622
238
1671
566
914
2716
1695
733
2312
1633
2436
783
303
2869
1864
674
539
2631
2583
2519
294
394
2884
2168
1328
2503
1336
64
2370
1113
642
1550
1753
2825
256
1504
165
1966
1931
1784
1057
1888
2881
917
493
2898
243
481
2839
706
2335
2394
1896
822
48
1904
818
2812
785
1154
2623
2813
785
1021
317
2912
2143
1298
2950
463
527
2274
1092
1328
1405
296
2882
770
1910
468
789
642
743
2480
1049
417
2709
2936
200
1275
411
427
2629
1695
2809
2616
1063
806
2393
1079
1145
1378
2182
710
1390
2245
2397
1244
2330
1698
1949
1877
1659
147
2387
2507
1774
2817
638
893
1806
626
1362
975
128
1746
2320
2389
2418
2952
2682
1629
2569
2547
1219
1616
2818
2754
2845
757
1328
501
1053
843
2828
2187
2296
1800
131
2184
1793
322
145
19
1059
1361
2187
298
2544
1088
458
2250
2332
1254
1500
2566
276
821
2780
603
1360
999
1625
1911
256
687
1804
1404
2914
2059
2508
2436
1337
2636
2260
1706
833
15
19
1627
1607
2308
1188
271
862
520
1356
2464
116
649
1640
2398
947
2165
2521
2268
2315
375
408
1394
156
328
516
2120
594
606
2083
2372
2281
267
692
2617
1184
1333
2562
1292
1298
1677
2205
2083
1359
2799
811
2917
225
685
212
1784
690
1631
851
1611
2267
1635
1856
2160
2175
2501
1770
13
111
867
1378
960
2846
2632
955
1629
844
1019
2149
693
280
1331
88
188
991
673
342
87
225
2426
2337
2409
1690
1335
2788
1497
2446
1883
86
2961
2870
1249
552
1733
1255
1744
528
565
2953
452
574
2529
2693
81
1652
2209
1584
2654
1066
2742
733
140
319
2656
1094
1962
2628
1461
1978
1239
1474
267
2874
226
1140
2730
686
1457
295
2865
165
2997
1701
2931
1025
2126
2201
398
2353
2552
1861
808
1328
2626
2512
853
1594
479
1683
714
471
2074
2418
232
2792
1139
2792
2181
183
688
1379
4
1115
1746
2182
2527
2296
46
1461
703
2221
1467
1363
1801
1727
2703
2568
1332
1539
2801
1326
306
2777
1386
2547
123
1468
366
2169
401
2382
872
776
1044
960
1447
2989
2178
1294
1923
2875
809
2593
2075
1024
861
2070
2207
1915
2265
2493
2205
1617
27
388
2955
79
561
1305
304
2466
2290
2086
1302
2506
1275
2671
15
1469
742
2183
1332
1024
976
768
1348
616
1728
930
1415
2846
2695
2131
2280
2488
280
2676
1112
557
2094
1172
1460
73
1420
1165
2973
1318
2101
988
1448
1691
961
2423
698
1470
1928
2343
2010
1310
1406
2437
75
2476
1787
337
1484
2999
2654
1597
1581
22
1269
2216
1552
2344
964
1606
2434
2135
103
2061
1365
2843
2974
1474
11
331
204
1234
1961
439
1692
949
1925
305
1393
2100
366
97
1559
795
2439
1784
659
626
2479
2044
156
5
1736
2705
869
275
2529
273
1193
2700
2555
1035
729
1460
676
887
1500
2364
2252
2593
132
776
1794
2396
1377
578
1201
573
2492
525
652
904
2954
286
795
345
2179
133
1778
2697
406
521
2740
2096
1435
1073
1745
161
1948
2856
977
1337
1201
2800
1028
561
854
1774
2975
2044
715
1110
389
258
1929
2613
2152
2826
548
2013
2866
1342
105
302
1213
32
1453
1790
2562
1155
527
195
722
2468
43
840
1271
911
2124
1092
206
1366
78
2864
2172
1436
413
462
786
1064
1013
687
2302
1149
2823
893
1695
694
68
711
2221
1175
1553
267
1474
1654
231
2493
713
1137
918
430
258
1593
2398
1608
2519
2187
10
2789
1686
1360
849
672
226
1610
1802
1971
872
743
1771
855
2908
2666
2486
218
166
156
1785
1083
2581
474
2457
2401
1109
2048
1690
201
120
211
1284
286
1823
916
2661
563
2626
481
2384
1564
1308
1725
248
1675
1444
960
1987
518
793
2153
237
2709
206
543
719
377
598
1071
1524
1560
884
472
1240
1382
2881
2786
1757
1085
1122
2021
2964
2485
286
1870
52
438
793
252
2546
1410
2272
2369
134
328
2938
2500
1909
1003
2486
387
1712
2921
2607
2813
1145
2975
2337
2334
2709
1010
2862
1348
1018
488
266
2318
1518
941
1839
1668
1337
1273
2486
521
641
743
523
157
1600
977
1715
527
1772
343
1837
1112
2146
214
994
1658
1384
733
394
832
2462
2858
2684
2711
408
2035
2954
1010
859
33
183
2355
2633
2151
1694
653
1659
2320
16
2639
2994
2942
1370
2083
1713
711
1576
2580
219
2538
2410
149
669
1904
1482
103
1095
1245
1182
1323
2340
2877
2304
221
427
2891
295
2449
450
429
706
2591
1710
2659
1105
2514
442
686
2072
431
609
2998
945
1433
1705
228
381
2289
2838
2382
694
362
1992
2561
2156
227
467
2752
946
1925
393
1258
1548
1700
222
1922
1552
971
2815
128
782
2096
1895
229
2621
1662
160
2027
971
1569
290
659
1496
1173
556
136
784
2631
2588
2129
2435
357
1332
2837
1739
1977
804
1086
2321
1456
2909
711
1765
1802
1465
1930
1280
682
669
2346
2871
700
695
2319
1767
2166
1570
2152
71
2367
1891
1147
1294
333
152
424
2722
539
2732
364
1106
1958
417
1976
1809
1993
1802
2057
375
1583
2380
2707
1534
2101
1313
2023
1622
2714
2824
2796
1445
1550
2244
169
751
248
1071
833
365
1532
2499
2639
2293
2657
1782
2136
1278
1121
1543
968
231
2713
1769
172
1667
720
1003
2495
2866
2893
2121
2344
2263
1529
2931
1328
1921
2763
1671
2506
2913
2170
2877
1827
991
1141
2768
2081
2833
2166
2996
1968
1330
1982
208
2415
2866
2098
1866
2346
991
2682
1153
1200
1496
1106
1507
2612
1434
2114
2819
113
225
2800
2934
550
1949
917
1507
617
2254
965
1908
2640
2317
1448
70
1954
2464
1030
1449
2164
1042
2023
1652
408
1509
63
1928
1984
1828
2497
1047
2376
2570
971
249
2921
1161
63
1259
1538
152
25
2884
1729
1316
1084
2229
1784
1473
600
69
1354
1909
2086
1574
2644
265
2148
2184
232
2797
307
55
2941
2295
365
379
2251
80
2869
1836
458
659
559
2032
2058
1834
1118
1275
2292
2151
644
2234
1256
605
1588
1916
2920
792
1659
773
2018
1143
989
608
1531
1332
1068
2168
2446
1582
684
2091
603
652
1129
1627
589
1709
2194
1891
2884
1784
2583
2643
2185
2205
2076
1744
2696
1375
1970
2819
2959
695
1315
1444
2861
2710
1180
1067
2382
2518
639
1826
419
2486
629
1530
2030
560
1059
817
691
1560
2204
533
401
1771
500
1216
832
706
876
32
853
1825
105
2401
1425
304
1295
1489
40
1046
2739
2607
2901
141
631
561
2490
1414
1886
929
476
714
1999
2300
350
1402
1862
567
1244
2651
1181
1462
1224
1977
2971
2842
2618
2839
2323
1277
543
1761
1021
1453
620
710
1305
571
1252
2957
7
2376
1501
1890
1044
1467
2825
1749
1863
2145
1273
1040
1170
1241
2187
2099
76
891
444
1942
2291
916
1264
314
2775
1784
1542
2700
2553
1237
2017
1647
1578
1464
2113
1597
1952
1991
2601
1482
51
2786
2585
1469
1662
2583
1875
787
753
1384
1098
2690
2379
1634
2887
2559
2309
2437
174
2276
2738
2139
429
2649
2418
2087
1948
342
2958
1444
2551
2795
2182
1215
145
1069
1253
809
2651
1037
374
973
298
501
632
1579
2479
1098
141
742
1159
1129
0
2968
83
1096
133
1896
2266
162
2674
589
1778
1229
1387
2322
2533
892
2844
430
1352
1892
1063
2783
2079
2342
205
2610
2636
1016
1057
2625
2319
1176
1936
265
2991
1454
1589
2127
1247
1716
33
2303
1467
2533
1847
121
1753
959
590
2352
501
2166
1031
1144
2637
2750
166
1924
1579
2141
446
1409
2257
2827
2557
1338
2934
1584
1199
120
663
1648
2654
2310
2033
2829
2566
1687
858
1441
903
2012
71
1757
2812
1718
1344
291
128
1348
2856
2413
1736
698
585
2257
1507
2414
1452
1490
798
2672
1158
459
941
133
358
2186
1412
848
2522
2230
1283
1958
1753
583
2632
2340
1156
2537
2966
415
518
2268
2675
1560
1011
1067
431
1274
1484
759
512
2657
424
64
1602
457
1078
1080
556
2904
1455
1403
215
1273
2776
750
463
2014
901
707
300
401
1202
1182
554
431
338
2776
668
2002
891
221
2607
2433
1521
2500
1306
646
86
2370
68
2811
1091
1235
2990
2642
1344
2271
1975
632
439
789
1430
2549
863
2639
1922
899
2740
2289
2622
385
2084
1471
2240
339
1685
1666
1408
431
2361
766
478
2398
251
2187
2316
1012
452
2038
2154
23
1926
1892
2313
2968
698
2442
1999
2169
2124
2436
2753
1140
2836
2152
2471
499
2392
2878
1464
2705
2860
2151
1631
1675
28
1606
1797
2253
2144
799
2486
1893
1894
203
120
2190
1734
973
1933
2980
2294
12
890
2206
382
38
111
1613
2910
2093
1167
2239
1899
48
1858
88
1264
697
2182
1183
1737
1214
2557
1104
267
2126
1839
1867
832
915
1591
912
798
2766
1811
2388
1223
2395
974
1805
2755
1234
1360
639
1593
1359
1901
1136
1285
503
850
2286
891
1223
347
2667
714
1954
1330
594
299
687
363
1865
1400
1253
2803
2714
1866
1804
1342
2056
1579
2082
1127
738
1331
414
2634
1343
2029
1564
478
1223
2481
2830
118
1242
2341
1195
1606
1591
1452
518
2435
2315
2577
1278
1939
84
2804
1373
