644
131
1735
1220
723
2190
361
1730
2572
1613
2692
2439
1889
1756
2671
1469
51
249
1155
2778
2732
168
816
1340
2616
830
1080
1678
2165
2000
2869
2076
1779
2590
2854
2975
2766
2322
2916
2045
193
2951
2379
2192
1333
904
453
249
1960
1391
1064
2361
768
1422
2952
1420
1182
285
495
2338
2351
305
2648
1851
61
733
803
1863
2573
2487
1954
1719
2330
2097
2986
2011
391
1747
54
2609
289
1530
1550
2935
18
199
812
2117
778
2134
71
2538
576
905
1376
2209
2679
857
2426
519
2324
281
2271
1380
2403
2150
1957
1700
2072
583
2175
161
747
2117
2944
1279
278
2247
1882
1363
1576
1557
2396
1041
2500
1214
363
2480
1571
536
1799
1164
357
955
734
1817
2455
1195
1878
2622
2103
2353
1284
2205
2035
1940
1698
1718
1495
2201
1916
1227
1285
2292
555
1795
2878
538
1587
1278
1727
661
2871
962
2383
1259
2700
1776
2284
2915
803
1510
1150
612
1128
2042
1211
284
16
655
2738
243
711
503
1083
2066
1167
1438
571
1514
2293
2174
2797
2573
949
197
2068
1907
1885
1799
157
2290
927
2240
1841
998
1865
2130
2073
1673
174
1840
642
2999
2239
493
991
2944
2868
2804
910
2347
108
1565
2675
1235
493
2960
1984
832
1333
2625
2302
1957
1031
2176
109
818
625
867
2679
1038
129
2347
939
378
1608
136
582
2516
1703
2906
1884
1031
2686
693
2555
2323
2164
1359
1992
2359
656
1170
2171
1184
221
889
1910
1539
37
616
1411
2431
2573
2588
1931
2704
2093
460
1658
2058
2603
1099
2792
2571
2685
1619
611
770
764
2368
1496
2746
721
1894
1640
1565
1495
1983
383
535
2664
2949
8
2960
2516
2392
1091
1373
476
2797
209
1517
260
772
71
1107
2646
2124
1981
332
2556
2709
915
2774
2149
2793
2873
1578
2953
1648
980
1592
1400
1846
1137
46
1380
2923
458
221
1911
424
2917
897
1902
2633
828
1218
1133
667
247
1147
1405
1091
85
583
960
1208
2770
611
2773
478
330
1867
1127
808
652
437
1720
2449
2666
244
106
687
1892
1346
926
1941
2548
30
358
1692
108
2382
1844
845
987
1312
790
1069
2895
1907
2609
101
2829
1661
1746
1461
2428
1880
1828
2357
2599
2606
2035
488
2896
2589
1799
621
1970
1770
1020
2931
600
2502
1486
1896
2993
2943
1794
78
1876
2414
216
2243
320
2096
1709
2307
1780
219
956
1540
1102
1535
2948
542
2967
1990
1637
2853
675
905
2388
2292
1166
2289
1991
784
2978
343
2938
742
1877
2528
2727
2994
984
1993
1563
2677
1170
371
893
338
2114
450
467
2477
1068
2680
1517
840
1546
1089
1426
508
1804
1242
1281
2440
827
995
1800
2217
7
1519
400
2598
1888
1164
1178
55
297
315
1570
1482
832
1741
1490
937
1890
1783
2530
523
2996
2844
2090
69
1341
2902
722
837
799
513
529
1547
148
1196
1257
2317
2285
68
692
557
1557
1911
968
841
1332
1770
2181
1054
2231
408
2448
1650
2253
2191
1448
2573
565
1384
2541
147
2067
1067
1720
2353
1617
1437
2357
2153
1162
2207
1838
363
1002
2492
2106
402
2105
2775
1554
2689
2974
270
2019
848
280
2127
2023
2535
2248
2069
510
13
986
2495
571
1845
2946
2373
1849
142
60
1040
300
70
475
573
683
2930
835
2806
995
1572
651
197
928
1466
2001
2038
76
431
1553
2152
226
520
2481
135
476
2253
1196
1953
1312
1673
734
2458
313
2528
1382
2639
994
285
2183
100
1045
629
1089
266
1090
2651
2638
1217
2939
1265
862
1109
1052
1256
107
880
2496
1092
393
2116
2630
718
1917
1803
362
2127
2686
2749
2408
934
713
2493
1412
959
1510
1057
1741
2257
384
1123
2344
2193
2978
673
2200
144
1749
2182
618
14
1742
1338
1863
225
2556
2061
2187
1150
1543
979
2859
1371
1756
429
180
2830
709
2596
1141
1222
2629
1986
270
788
2825
2959
1882
485
2658
2341
1888
2759
2776
384
424
2645
632
1093
2520
465
981
2462
2006
773
1717
2736
664
2390
1522
537
2607
2894
1161
801
2266
301
1455
2516
1895
2762
1111
2512
2924
2371
2809
1834
1068
1159
749
448
909
1052
2580
1074
565
171
1551
2977
2109
148
1841
1092
2806
2182
1967
1316
1344
2919
2840
171
330
605
2352
109
2067
1463
46
930
1951
1739
2821
1552
1733
1564
2480
2129
397
1255
2799
1350
1735
410
1558
720
975
2826
1084
2286
108
1432
513
560
1719
1568
224
2695
1617
2165
100
1983
37
2668
967
2330
1605
1075
2925
1857
1457
2046
624
1450
2866
438
5
985
620
1558
739
2140
698
1067
804
2880
1547
719
2131
257
882
2467
285
842
1219
679
709
2177
2905
2999
2432
2694
1437
1043
687
1864
169
723
2786
2292
2683
197
2265
2563
2613
2501
1526
1598
2305
2695
462
1937
2785
2660
2799
2993
1844
415
2628
139
165
1411
955
355
1286
1747
1095
2358
2570
2165
233
844
367
2468
2937
1821
114
392
2491
2279
1805
260
45
2705
875
2988
1373
1015
1661
1105
2919
35
1069
1187
2571
1268
2823
1666
2597
638
1327
2136
774
302
2117
2046
1880
2919
741
2034
399
2198
2795
1690
1067
558
540
296
2994
1601
1408
857
1506
308
876
2387
860
654
756
2171
260
1421
493
737
1869
2493
1223
1904
2322
1773
2466
2934
2694
1407
1184
2492
2029
1380
144
2874
1924
1706
235
1979
67
2124
1535
264
451
2092
2977
2659
2337
1783
1367
2234
2450
1877
2508
1958
1898
2211
1316
1048
733
1015
2103
1527
2622
1600
1795
2832
2365
1199
705
2346
2843
1829
2386
2812
1674
2147
1147
1966
616
288
1147
401
394
363
573
2476
1196
2365
520
2708
1790
1209
2396
1350
2659
2643
1088
732
2787
643
743
2963
2432
2909
2552
1301
1622
1294
1484
159
1844
2516
2923
2441
2735
1690
1911
2085
2477
1335
2642
2254
974
778
1836
1254
1615
708
652
2572
1897
2226
1647
2977
1358
1710
2815
2637
667
1273
1979
867
1977
239
2820
1350
1862
1646
327
2894
2617
1260
2366
1546
2810
2741
2466
827
55
566
2147
27
1211
937
2159
2961
1320
421
281
2362
2438
673
1561
1814
2108
1901
666
2220
1323
556
2928
1914
411
2666
384
349
4
2591
1026
433
2206
277
1065
685
1388
771
2059
2871
883
358
2483
2184
905
2881
1052
539
1089
1785
2784
2087
739
2064
1679
2838
47
492
635
2073
1722
2402
2856
2339
2753
1700
2857
1847
458
2837
477
1214
2315
1853
2329
249
818
750
2903
1199
187
2617
2804
963
2792
2077
1855
174
2994
2357
596
1860
2630
685
1177
1710
2147
561
1992
1955
1344
1898
27
195
555
510
2310
1978
1763
2554
1990
1270
2271
2607
472
2765
1567
2303
132
1733
1520
1442
2159
2721
2678
673
2736
1525
1897
718
2634
63
450
2110
696
418
759
653
1496
1320
1818
260
1334
1555
1304
289
65
1016
1965
707
338
2128
1404
543
1432
2204
828
2844
817
85
135
2177
1883
1870
548
606
1521
1566
2268
2549
1609
398
2065
2206
866
339
442
1921
2690
320
2628
908
1781
1675
1987
985
19
2882
526
874
984
1906
1936
2708
1599
1980
2258
157
1008
1996
1429
476
2190
1176
1222
1380
534
785
2795
2724
1481
737
82
982
1946
1897
632
522
2107
1653
1470
982
2834
1199
2904
2860
2713
605
240
2392
43
1304
1103
796
10
34
1371
1058
806
2651
1652
2294
1384
1687
2433
2782
1228
1087
600
934
1965
2691
1530
1316
1466
393
2876
2693
70
21
1922
442
1614
46
358
755
1051
2192
1694
1806
1455
2666
924
1419
2140
702
2343
2247
352
2281
798
1483
1021
1623
149
2497
389
1236
1704
1731
2642
1585
812
2791
1187
2249
1789
1763
2491
214
1882
473
1444
2165
277
79
2673
1115
2262
2718
1921
826
1831
476
1406
1117
2354
592
1085
2532
1863
346
2385
2091
418
612
1264
2021
2217
345
1023
785
82
1393
633
2910
1651
326
1146
2593
716
2518
2019
1663
1502
517
1198
2465
2911
2974
480
1332
1621
1173
1822
1289
2456
1245
168
1896
2765
1209
1363
2491
716
569
107
2410
2723
1515
1437
1147
2427
2723
2706
308
1336
2273
1599
159
2311
310
1769
2184
2960
2442
863
2550
2594
1460
2720
972
2669
751
1675
1418
1451
766
1669
2309
88
420
1844
2863
785
2442
266
2548
1313
2110
638
1523
2373
604
1389
1950
2121
1036
2286
342
444
1631
1442
2445
471
631
178
1041
1883
1003
1387
1090
399
635
2236
873
2337
1910
1592
788
140
1534
1455
466
871
2445
647
136
2847
2286
1687
397
1722
978
2060
2048
2580
949
389
1044
2320
2132
121
1622
2924
1110
2953
2219
142
2468
1135
2696
1053
382
1285
1863
1928
1876
1955
522
955
2981
1224
1440
1489
1960
473
1353
2179
1789
2600
2624
2733
2878
156
2660
650
487
2902
2618
638
1815
476
1667
1785
1650
2614
62
2332
957
965
2122
1484
2806
2163
2017
2259
2973
670
1100
2893
250
1399
2935
2056
1716
463
1841
1165
515
376
347
2172
92
2921
1538
300
415
796
795
2623
1413
2658
1890
1523
459
1998
1022
2957
2670
2822
148
1161
962
1725
1103
2756
1051
310
2929
2194
215
1155
1433
2700
1054
2372
1297
1641
2566
372
378
2205
2264
1388
198
687
393
11
538
868
2470
21
2174
2961
1431
1967
595
1645
2398
445
312
1389
1109
755
272
2745
2201
1216
2619
2252
654
2385
2671
10
2488
2722
2523
906
1932
2998
265
2002
1793
791
622
641
767
2481
1991
2911
1754
609
401
2241
2866
1316
1308
2577
114
2378
2997
467
2466
985
1271
2114
2732
1093
2541
2448
768
1501
1511
2652
1740
2537
1231
2302
2292
2135
2175
958
321
637
2464
251
1521
1393
969
295
92
917
1114
1759
1014
2718
1052
1737
741
1907
792
1806
25
2482
632
7
2546
2934
1822
2195
179
533
1735
2598
1834
1950
2939
2454
536
984
428
2487
243
2021
504
2358
2205
2365
2116
2899
1385
887
1751
1503
2458
1282
2633
61
120
1794
118
2109
1792
2190
1155
699
1414
798
1708
1615
2546
450
2783
1389
340
1846
1281
604
1509
2986
2618
2868
1164
1493
2007
1648
577
1553
749
1836
1961
2577
2957
2176
2823
2040
1144
2705
2852
2379
104
2129
2650
2686
328
781
1010
749
1457
85
824
2208
1058
96
1408
2482
68
1125
2784
227
2655
590
1386
2968
1756
2071
1844
1476
937
1445
61
1113
1394
2889
2286
1583
922
1515
1050
2477
445
467
1884
325
2105
115
1996
64
1161
2401
613
2467
2717
1753
2190
2210
562
582
1171
441
2497
1865
2143
138
1583
450
96
2328
2801
2243
423
402
2969
1445
859
1275
521
513
433
86
259
1809
1458
2894
2986
919
2337
860
1345
1867
2327
1690
2990
2410
2501
2276
2291
329
925
1014
1809
2833
2790
2488
2393
2333
610
1551
1448
1223
2533
1741
149
552
2220
1552
2467
1902
720
2128
1990
1367
1766
802
1092
2324
1444
1554
353
1137
570
2069
1398
57
2906
580
288
2599
325
580
97
2535
1572
1555
1901
2594
1096
797
2666
1032
886
1756
76
1352
946
1974
2685
483
1439
552
206
2551
649
2057
1589
2896
15
313
123
864
856
624
2543
1078
1497
2955
1092
1701
1104
1281
1709
1051
264
2587
1753
130
433
1010
1934
2324
2723
259
1582
1119
1183
1245
752
760
354
643
1189
1547
855
613
2769
1577
880
1457
2849
1578
1993
391
1551
2178
2281
1098
758
288
1829
282
556
2945
2451
1446
1692
1604
2288
246
2653
2518
646
2407
1411
1453
1550
2096
272
2570
2366
506
2214
2064
470
2660
1643
545
1981
739
2426
839
435
1297
354
2143
739
2557
2021
114
336
2016
1903
2142
2880
1792
225
1818
560
2589
1625
2158
2102
2400
1344
1464
2109
516
407
1923
369
2348
351
2402
2855
2940
1308
1435
2120
820
2605
414
122
1743
1138
2620
2147
138
2746
1365
523
2104
321
818
1684
753
154
241
2225
1243
95
1166
2304
553
522
2814
213
615
278
7
589
464
31
428
852
2575
2555
733
987
2705
2827
2290
1289
604
18
2888
69
2921
2249
2141
2078
1508
925
2533
2535
2948
2174
126
1081
1302
1612
905
1735
508
1168
279
592
699
812
979
333
770
768
607
400
2990
738
670
2700
2610
1377
1488
1975
1932
2503
2380
633
1275
1568
1567
2903
333
667
251
2497
1308
2500
1708
1028
1208
2707
2355
1604
2688
1141
357
1314
2306
396
2710
2678
634
2742
759
1305
2223
1743
551
898
1361
2268
5
891
375
229
299
1487
197
1414
1486
2090
1722
747
890
1629
2231
2917
1250
620
2420
2692
1646
2606
205
2435
717
345
2113
1419
962
1631
475
157
2963
713
433
912
1811
2590
2890
1691
562
2887
2037
2607
306
1027
1540
948
106
818
575
287
1416
1241
1653
317
191
1753
862
2526
1000
2723
1035
2664
549
2300
2351
1335
2089
1289
511
830
1035
976
1476
1437
2097
2050
2570
1808
2776
504
233
1383
258
1057
288
2071
2649
2918
97
732
1359
859
1031
1553
2176
858
741
2094
1807
2053
1200
2989
2790
55
196
449
737
2775
2525
2979
825
1650
724
898
1310
2509
2913
358
2582
2972
631
1762
794
1442
147
2683
8
2229
2414
113
19
613
890
162
1030
1009
1617
245
1872
341
2249
705
328
636
2028
683
1594
126
2836
1606
2522
319
668
1690
909
2076
2705
2803
1384
2170
1887
2669
1152
1189
2816
1921
936
1890
1159
2495
1192
2713
2011
2656
250
450
2943
2390
305
443
6
322
2274
2707
2636
1530
813
534
2271
29
1916
982
684
2316
2929
722
1622
1639
927
837
2218
1393
1287
1318
2134
2018
2123
2920
2551
2983
294
461
2578
1511
1482
276
2002
1540
1964
2163
1896
580
898
2155
1065
436
180
991
145
2376
2936
2832
2389
1009
1519
377
374
1931
1950
1113
1442
2946
1703
1706
1796
1369
1949
757
67
366
431
1136
2953
1853
987
1750
2962
2624
1324
1337
308
608
2398
1846
581
1882
302
940
496
297
879
139
2338
2843
71
2653
121
1619
2464
284
147
2491
1338
1544
148
1228
2381
418
2874
2700
2861
731
235
1210
2790
1418
2430
96
47
326
1703
566
2691
2448
603
1463
1122
611
1019
482
262
995
1974
2448
73
336
367
84
1020
2453
1790
1028
1259
393
1826
1579
1756
1986
2140
1664
1918
1128
343
910
405
373
2387
2073
1564
2167
2952
1578
1052
1848
304
2415
856
1986
1269
554
2107
962
2898
1580
2361
56
902
822
2851
1040
1795
2268
2910
2648
2284
375
3
2870
1412
1205
856
2142
2668
2278
917
2165
1516
390
1028
661
2195
314
431
533
2082
777
1493
2179
514
680
1695
2929
742
2082
2141
1714
83
867
262
2791
1931
1255
164
2699
41
883
2894
1855
2239
1687
1031
90
1476
2519
2644
2025
2969
1477
1138
2407
1714
2405
2853
193
226
1997
646
1673
2135
1446
1772
772
324
2963
163
778
229
893
2426
2018
1669
664
2710
2552
1516
2246
1340
2260
245
2878
204
679
1955
1889
193
540
1723
2465
853
2025
2788
605
2761
1945
2283
1949
2273
872
771
1455
2382
458
2746
1476
134
2024
2575
2907
2398
2608
1272
2319
215
1584
2888
2639
142
2414
2708
2810
806
463
902
2156
2928
1858
923
2538
2914
1232
2840
966
1358
643
250
407
2305
264
2562
2817
2516
2298
2038
2460
903
68
1093
3
1721
2443
779
148
764
1662
2090
2111
1158
1683
1074
340
2834
1015
1255
2550
2541
569
824
886
588
2187
2288
965
1314
438
1597
201
208
2634
558
355
1821
1591
2258
779
669
1946
1979
153
2806
2575
1674
2073
1349
1504
1996
762
2919
1423
1497
1363
1020
278
2085
2762
2989
2008
2935
915
86
2643
2792
2001
2967
1021
1750
2244
1700
1720
2398
767
2181
1620
1927
724
1063
1791
1555
2807
2881
2507
665
1588
1331
1308
717
181
2057
1668
2050
2052
1725
1710
1038
1522
802
187
403
2682
1685
2940
2229
1716
1414
628
2991
2065
853
2849
1176
2568
31
1488
220
1684
31
1322
2581
210
1529
662
336
1730
1274
548
2420
1537
2283
867
76
2728
2732
1168
2486
942
638
2229
932
1573
921
1097
2360
1691
2524
1729
1309
1087
2970
2395
2680
1581
2121
2426
237
856
567
1667
374
1731
837
379
2854
2957
1061
99
1220
2102
2680
993
1523
170
1232
2196
198
1641
492
251
609
177
2674
603
891
2889
2726
2628
2863
1994
1777
62
1289
124
2877
2197
2702
2146
876
1414
2836
1131
1233
2781
2136
2494
902
1573
143
1361
1820
2355
1212
1766
322
2359
1408
1323
492
2223
1208
2492
300
1450
24
895
2982
2342
461
452
