3
3
4
5
5
6
7
7
7
8
8
10
10
11
13
14
15
16
18
18
19
19
21
21
24
25
27
27
29
30
31
31
31
34
35
37
37
41
43
45
46
46
46
47
47
51
54
55
55
55
56
57
60
61
61
61
62
62
63
64
65
67
67
68
68
68
69
69
70
70
71
71
71
73
76
76
76
78
79
82
82
83
84
85
85
85
86
86
88
90
92
92
95
96
96
96
97
97
99
100
100
101
104
106
106
107
107
108
108
108
109
109
113
114
114
114
115
118
120
121
121
122
123
124
126
126
129
130
131
132
134
135
135
136
136
138
138
139
139
140
142
142
142
143
144
144
145
147
147
147
148
148
148
148
148
149
149
153
154
156
157
157
157
159
159
161
162
163
164
165
168
168
169
170
171
171
174
174
177
178
179
180
180
181
187
187
191
193
193
193
195
196
197
197
197
197
198
198
199
201
204
205
206
208
209
210
213
214
215
215
216
219
220
221
221
224
225
225
226
226
227
229
229
233
233
235
235
237
239
240
241
243
243
244
245
245
246
247
249
249
249
250
250
250
251
251
251
257
258
259
259
260
260
260
260
262
262
264
264
264
265
266
266
270
270
272
272
276
277
277
278
278
278
279
280
281
281
282
284
284
285
285
285
287
288
288
288
288
289
289
294
295
296
297
297
299
300
300
300
301
302
302
304
305
305
306
308
308
308
310
310
312
313
313
314
315
317
319
320
320
321
321
322
322
324
325
325
326
326
327
328
328
329
330
330
332
333
333
336
336
336
338
338
339
340
340
341
342
343
343
345
345
346
347
349
351
352
353
354
354
355
355
357
357
358
358
358
358
361
362
363
363
363
366
367
367
369
371
372
373
374
374
375
375
376
377
378
378
379
382
383
384
384
384
389
389
390
391
391
392
393
393
393
393
394
396
397
397
398
399
399
400
400
401
401
402
402
403
405
407
407
408
410
411
414
415
415
418
418
418
420
421
423
424
424
428
428
429
431
431
431
433
433
433
433
435
436
437
438
438
441
442
442
443
444
445
445
448
449
450
450
450
450
450
451
452
453
458
458
458
459
460
461
461
462
463
463
464
465
466
467
467
467
470
471
472
473
473
475
475
476
476
476
476
476
477
478
480
482
483
485
487
488
492
492
492
493
493
493
495
496
503
504
504
506
508
508
510
510
511
513
513
513
514
515
516
517
519
520
520
521
522
522
522
523
523
526
529
533
533
534
534
535
536
536
537
538
538
539
540
540
542
543
545
548
548
549
551
552
552
553
554
555
555
556
556
557
558
558
560
560
561
562
562
565
565
566
566
567
569
569
570
571
571
573
573
575
576
577
580
580
580
581
582
582
583
583
588
589
590
592
592
595
596
600
600
603
603
604
604
604
605
605
605
606
607
608
609
609
610
611
611
611
612
612
613
613
613
615
616
616
618
620
620
621
622
624
624
625
628
629
631
631
632
632
632
633
633
634
635
635
636
637
638
638
638
638
641
642
643
643
643
644
646
646
647
649
650
651
652
652
653
654
654
655
656
661
661
662
664
664
665
666
667
667
667
668
669
670
670
673
673
673
675
679
679
680
683
683
684
685
685
687
687
687
692
693
696
698
699
699
702
705
705
707
708
709
709
711
713
713
716
716
717
717
718
718
719
720
720
721
722
722
723
723
724
724
731
732
732
733
733
733
734
734
737
737
737
738
739
739
739
739
741
741
741
742
742
743
747
747
749
749
749
750
751
752
753
755
755
756
757
758
759
759
760
762
764
764
766
767
767
768
768
768
770
770
771
771
772
772
773
774
777
778
778
778
779
779
781
784
785
785
785
788
788
790
791
792
794
795
796
796
797
798
798
799
801
802
802
803
803
804
806
806
808
812
812
812
813
816
817
818
818
818
818
820
822
824
824
825
826
827
827
828
828
830
830
832
832
835
837
837
837
839
840
841
842
844
845
848
852
853
853
855
856
856
856
856
857
857
858
859
859
860
860
862
862
863
864
866
867
867
867
867
868
871
872
873
874
875
876
876
879
880
880
882
883
883
886
886
887
889
890
890
891
891
893
893
895
897
898
898
898
902
902
902
903
904
905
905
905
905
906
908
909
909
910
910
912
915
915
917
917
919
921
922
923
924
925
925
926
927
927
928
930
932
934
934
936
937
937
937
939
940
942
946
948
949
949
955
955
955
956
957
958
959
960
962
962
962
962
963
965
965
966
967
968
969
972
974
975
976
978
979
979
980
981
982
982
982
984
984
984
985
985
985
986
987
987
987
991
991
993
994
995
995
995
998
1000
1002
1003
1008
1009
1009
1010
1010
1014
1014
1015
1015
1015
1016
1019
1020
1020
1020
1021
1021
1022
1023
1026
1027
1028
1028
1028
1030
1031
1031
1031
1031
1032
1035
1035
1036
1038
1038
1040
1040
1041
1041
1043
1044
1045
1048
1050
1051
1051
1051
1052
1052
1052
1052
1052
1053
1054
1054
1057
1057
1058
1058
1061
1063
1064
1065
1065
1067
1067
1067
1068
1068
1069
1069
1074
1074
1075
1078
1080
1081
1083
1084
1085
1087
1087
1088
1089
1089
1089
1090
1090
1091
1091
1092
1092
1092
1092
1093
1093
1093
1095
1096
1097
1098
1099
1100
1102
1103
1103
1104
1105
1107
1109
1109
1110
1111
1113
1113
1114
1115
1117
1119
1122
1123
1125
1127
1128
1128
1131
1133
1135
1136
1137
1137
1138
1138
1141
1141
1144
1146
1147
1147
1147
1147
1150
1150
1152
1155
1155
1155
1158
1159
1159
1161
1161
1161
1162
1164
1164
1164
1165
1166
1166
1167
1168
1168
1170
1170
1171
1173
1176
1176
1177
1178
1182
1183
1184
1184
1187
1187
1189
1189
1192
1195
1196
1196
1196
1198
1199
1199
1199
1200
1205
1208
1208
1208
1209
1209
1210
1211
1211
1212
1214
1214
1216
1217
1218
1219
1220
1220
1222
1222
1223
1223
1224
1227
1228
1228
1231
1232
1232
1233
1235
1236
1241
1242
1243
1245
1245
1250
1254
1255
1255
1255
1256
1257
1259
1259
1260
1264
1265
1268
1269
1270
1271
1272
1273
1274
1275
1275
1278
1279
1281
1281
1281
1282
1284
1285
1285
1286
1287
1289
1289
1289
1289
1294
1297
1297
1301
1302
1304
1304
1305
1308
1308
1308
1308
1309
1310
1312
1312
1313
1314
1314
1316
1316
1316
1316
1318
1320
1320
1322
1323
1323
1324
1327
1331
1332
1332
1333
1333
1334
1335
1335
1336
1337
1338
1338
1340
1340
1341
1344
1344
1344
1345
1346
1349
1350
1350
1350
1352
1353
1358
1358
1359
1359
1361
1361
1363
1363
1363
1365
1367
1367
1369
1371
1371
1373
1373
1376
1377
1380
1380
1380
1380
1382
1383
1384
1384
1384
1385
1386
1387
1388
1388
1389
1389
1389
1391
1393
1393
1393
1394
1398
1399
1400
1404
1405
1406
1407
1408
1408
1408
1411
1411
1411
1412
1412
1413
1414
1414
1414
1414
1416
1418
1418
1419
1419
1420
1421
1422
1423
1426
1429
1431
1432
1432
1433
1435
1437
1437
1437
1437
1438
1439
1440
1442
1442
1442
1442
1444
1444
1445
1445
1446
1446
1448
1448
1450
1450
1451
1453
1455
1455
1455
1455
1457
1457
1457
1458
1460
1461
1463
1463
1464
1466
1466
1469
1470
1476
1476
1476
1476
1477
1481
1482
1482
1483
1484
1484
1486
1486
1487
1488
1488
1489
1490
1493
1493
1495
1495
1496
1496
1497
1497
1501
1502
1503
1504
1506
1508
1509
1510
1510
1511
1511
1514
1515
1515
1516
1516
1517
1517
1519
1519
1520
1521
1521
1522
1522
1523
1523
1523
1525
1526
1527
1529
1530
1530
1530
1534
1535
1535
1537
1538
1539
1540
1540
1540
1543
1544
1546
1546
1547
1547
1547
1550
1550
1551
1551
1551
1552
1552
1553
1553
1553
1554
1554
1555
1555
1555
1557
1557
1558
1558
1561
1563
1564
1564
1565
1565
1566
1567
1567
1568
1568
1570
1571
1572
1572
1573
1573
1576
1577
1578
1578
1578
1579
1580
1581
1582
1583
1583
1584
1585
1587
1588
1589
1591
1592
1592
1594
1597
1598
1599
1599
1600
1601
1604
1604
1605
1606
1608
1609
1612
1613
1614
1615
1615
1617
1617
1617
1619
1619
1620
1621
1622
1622
1622
1623
1625
1629
1631
1631
1637
1639
1640
1641
1641
1643
1645
1646
1646
1647
1648
1648
1650
1650
1650
1651
1652
1653
1653
1658
1661
1661
1662
1663
1664
1666
1667
1667
1668
1669
1669
1673
1673
1673
1674
1674
1675
1675
1678
1679
1683
1684
1684
1685
1687
1687
1687
1690
1690
1690
1690
1691
1691
1692
1692
1694
1695
1698
1700
1700
1700
1701
1703
1703
1703
1704
1706
1706
1708
1708
1709
1709
1710
1710
1710
1714
1714
1716
1716
1717
1718
1719
1719
1720
1720
1720
1721
1722
1722
1722
1723
1725
1725
1727
1729
1730
1730
1731
1731
1733
1733
1735
1735
1735
1735
1737
1739
1740
1741
1741
1741
1742
1743
1743
1746
1747
1747
1749
1750
1750
1751
1753
1753
1753
1754
1756
1756
1756
1756
1756
1759
1762
1763
1763
1766
1766
1769
1770
1770
1772
1773
1776
1777
1779
1780
1781
1783
1783
1785
1785
1789
1789
1790
1790
1791
1792
1792
1793
1794
1794
1795
1795
1795
1796
1799
1799
1799
1800
1803
1804
1805
1806
1806
1807
1808
1809
1809
1811
1814
1815
1817
1818
1818
1820
1821
1821
1822
1822
1826
1828
1829
1829
1831
1834
1834
1836
1836
1838
1840
1841
1841
1841
1844
1844
1844
1844
1844
1845
1846
1846
1846
1847
1848
1849
1851
1853
1853
1855
1855
1857
1858
1860
1862
1863
1863
1863
1863
1864
1865
1865
1867
1867
1869
1870
1872
1876
1876
1877
1877
1878
1880
1880
1882
1882
1882
1882
1883
1883
1884
1884
1885
1887
1888
1888
1889
1889
1890
1890
1890
1892
1894
1895
1896
1896
1896
1897
1897
1897
1898
1898
1901
1901
1902
1902
1903
1904
1906
1907
1907
1907
1910
1910
1911
1911
1911
1914
1916
1916
1917
1918
1921
1921
1921
1922
1923
1924
1927
1928
1931
1931
1931
1932
1932
1934
1936
1937
1940
1941
1945
1946
1946
1949
1949
1950
1950
1950
1951
1953
1954
1955
1955
1955
1957
1957
1958
1960
1960
1961
1964
1965
1965
1966
1967
1967
1970
1974
1974
1975
1977
1978
1979
1979
1979
1980
1981
1981
1983
1983
1984
1986
1986
1986
1987
1990
1990
1990
1991
1991
1992
1992
1993
1993
1994
1996
1996
1996
1997
1998
2000
2001
2001
2002
2002
2006
2007
2008
2011
2011
2016
2017
2018
2018
2019
2019
2021
2021
2021
2023
2024
2025
2025
2028
2029
2034
2035
2035
2037
2038
2038
2040
2042
2045
2046
2046
2048
2050
2050
2052
2053
2056
2057
2057
2058
2059
2060
2061
2064
2064
2065
2065
2066
2067
2067
2068
2069
2069
2071
2071
2072
2073
2073
2073
2073
2076
2076
2077
2078
2082
2082
2085
2085
2087
2089
2090
2090
2090
2091
2092
2093
2094
2096
2096
2097
2097
2102
2102
2103
2103
2104
2105
2105
2106
2107
2107
2108
2109
2109
2109
2110
2110
2111
2113
2114
2114
2116
2116
2117
2117
2117
2120
2121
2121
2122
2123
2124
2124
2127
2127
2128
2128
2129
2129
2130
2131
2132
2134
2134
2135
2135
2136
2136
2140
2140
2140
2141
2141
2142
2142
2143
2143
2146
2147
2147
2147
2147
2149
2150
2152
2153
2155
2156
2158
2159
2159
2163
2163
2164
2165
2165
2165
2165
2165
2167
2170
2171
2171
2172
2174
2174
2174
2175
2175
2176
2176
2176
2177
2177
2178
2179
2179
2181
2181
2182
2182
2183
2184
2184
2187
2187
2190
2190
2190
2190
2191
2192
2192
2193
2194
2195
2195
2196
2197
2198
2200
2201
2201
2204
2205
2205
2205
2206
2206
2207
2208
2209
2210
2211
2214
2217
2217
2218
2219
2220
2220
2223
2223
2225
2226
2229
2229
2229
2231
2231
2234
2236
2239
2239
2240
2241
2243
2243
2244
2246
2247
2247
2248
2249
2249
2249
2252
2253
2253
2254
2257
2258
2258
2259
2260
2262
2264
2265
2266
2268
2268
2268
2271
2271
2271
2273
2273
2274
2276
2278
2279
2281
2281
2283
2283
2284
2284
2285
2286
2286
2286
2286
2288
2288
2289
2290
2290
2291
2292
2292
2292
2292
2293
2294
2298
2300
2302
2302
2303
2304
2305
2305
2306
2307
2309
2310
2311
2315
2316
2317
2319
2320
2322
2322
2323
2324
2324
2324
2327
2328
2329
2330
2330
2332
2333
2337
2337
2337
2338
2338
2339
2341
2342
2343
2344
2346
2347
2347
2348
2351
2351
2352
2353
2353
2354
2355
2355
2357
2357
2357
2358
2358
2359
2359
2360
2361
2361
2362
2365
2365
2365
2366
2366
2368
2371
2372
2373
2373
2376
2378
2379
2379
2380
2381
2382
2382
2383
2385
2385
2386
2387
2387
2388
2389
2390
2390
2392
2392
2393
2395
2396
2396
2398
2398
2398
2398
2400
2401
2402
2402
2403
2405
2407
2407
2408
2410
2410
2414
2414
2414
2415
2420
2420
2426
2426
2426
2426
2427
2428
2430
2431
2432
2432
2433
2435
2438
2439
2440
2441
2442
2442
2443
2445
2445
2448
2448
2448
2448
2449
2450
2451
2453
2454
2455
2456
2458
2458
2460
2462
2464
2464
2465
2465
2466
2466
2466
2467
2467
2467
2468
2468
2470
2476
2477
2477
2477
2480
2480
2481
2481
2482
2482
2483
2486
2487
2487
2488
2488
2491
2491
2491
2491
2492
2492
2492
2493
2493
2494
2495
2495
2496
2497
2497
2497
2500
2500
2501
2501
2502
2503
2507
2508
2509
2512
2516
2516
2516
2516
2516
2518
2518
2519
2520
2522
2523
2524
2525
2526
2528
2528
2530
2532
2533
2533
2535
2535
2535
2537
2538
2538
2541
2541
2541
2543
2546
2546
2548
2548
2549
2550
2550
2551
2551
2552
2552
2554
2555
2555
2556
2556
2557
2562
2563
2566
2568
2570
2570
2570
2571
2571
2572
2572
2573
2573
2573
2573
2575
2575
2575
2577
2577
2578
2580
2580
2581
2582
2587
2588
2589
2589
2590
2590
2591
2593
2594
2594
2596
2597
2598
2598
2599
2599
2600
2603
2605
2606
2606
2607
2607
2607
2608
2609
2609
2610
2613
2614
2616
2617
2617
2618
2618
2619
2620
2622
2622
2623
2624
2624
2625
2628
2628
2628
2629
2630
2630
2633
2633
2634
2634
2636
2637
2638
2639
2639
2642
2642
2643
2643
2644
2645
2646
2648
2648
2649
2650
2651
2651
2652
2653
2653
2655
2656
2658
2658
2659
2659
2660
2660
2660
2664
2664
2666
2666
2666
2666
2668
2668
2669
2669
2670
2671
2671
2673
2674
2675
2677
2678
2678
2679
2679
2680
2680
2680
2682
2683
2683
2685
2685
2686
2686
2686
2688
2689
2690
2691
2691
2692
2692
2693
2694
2694
2695
2695
2696
2699
2700
2700
2700
2700
2702
2704
2705
2705
2705
2705
2706
2707
2707
2708
2708
2708
2709
2710
2710
2713
2713
2717
2718
2718
2720
2721
2722
2723
2723
2723
2723
2724
2726
2727
2728
2732
2732
2732
2733
2735
2736
2736
2738
2741
2742
2745
2746
2746
2746
2749
2753
2756
2759
2761
2762
2762
2765
2765
2766
2769
2770
2773
2774
2775
2775
2776
2776
2778
2781
2782
2783
2784
2784
2785
2786
2787
2788
2790
2790
2790
2791
2791
2792
2792
2792
2793
2795
2795
2797
2797
2799
2799
2801
2803
2804
2804
2806
2806
2806
2806
2807
2809
2810
2810
2812
2814
2815
2816
2817
2820
2821
2822
2823
2823
2825
2826
2827
2829
2830
2832
2832
2833
2834
2834
2836
2836
2837
2838
2840
2840
2843
2843
2844
2844
2847
2849
2849
2851
2852
2853
2853
2854
2854
2855
2856
2857
2859
2860
2861
2863
2863
2866
2866
2868
2868
2869
2870
2871
2871
2873
2874
2874
2876
2877
2878
2878
2878
2880
2880
2881
2881
2882
2887
2888
2888
2889
2889
2890
2893
2894
2894
2894
2894
2895
2896
2896
2898
2899
2902
2902
2903
2903
2904
2905
2906
2906
2907
2909
2910
2910
2911
2911
2913
2914
2915
2916
2917
2917
2918
2919
2919
2919
2919
2920
2921
2921
2923
2923
2924
2924
2925
2928
2928
2929
2929
2929
2930
2931
2934
2934
2935
2935
2935
2936
2937
2938
2939
2939
2940
2940
2943
2943
2944
2944
2945
2946
2946
2948
2948
2949
2951
2952
2952
2953
2953
2953
2955
2957
2957
2957
2959
2960
2960
2960
2961
2961
2962
2963
2963
2963
2967
2967
2968
2969
2969
2970
2972
2973
2974
2974
2975
2977
2977
2977
2978
2978
2979
2981
2982
2983
2986
2986
2986
2988
2989
2989
2990
2990
2991
2993
2993
2994
2994
2994
2996
2997
2998
2999
2999
